0,1,2,3,4,5,6,7,8,9
0.02000397037259301,0.02000088573770705,0.1864141187157672,0.020004113462532835,0.020008126536758392,0.3333151638937843,0.3402529573357168,0.020000000022791713,0.02000022830533721,0.020000435617011536
0.02000397037259301,0.02000088573770705,0.1864141187157672,0.020004113462532835,0.020008126536758392,0.3333151638937843,0.3402529573357168,0.020000000022791713,0.02000022830533721,0.020000435617011536
0.020000000023301875,0.25279711695592955,0.020002240674510858,0.020003817378228008,0.020000630932419047,0.21999404729019004,0.18719751647301627,0.020002615914068912,0.2200000155448401,0.020001998813495545
0.05000000000318815,0.050000000002033466,0.050000000001984866,0.05000000000208605,0.5499981853646341,0.05000000000223104,0.050000000002055026,0.050001024834650375,0.05000000000209079,0.0500007897850462
0.016667689330429832,0.016666666678026548,0.016667157226047828,0.01666679801868541,0.01666668668343136,0.18333259521614237,0.3499855965480673,0.35001340248179375,0.01666670076969704,0.016666707047678697
0.00909150297827808,0.009096742902305329,0.009091085703251546,0.009092709351983872,0.3294338702568646,0.009090921401244867,0.009093081398855611,0.00909146616501411,0.5978274225397008,0.00909119730250107
0.01666677514616559,0.016666666672510426,0.016668905755789644,0.622198254443195,0.24445548584095841,0.016675840020171053,0.016667718472286493,0.0166666666738281,0.016666666672652257,0.01666702030244313
0.0333570940935834,0.03333333339466112,0.033354028877546356,0.03334212484158624,0.03333333341784227,0.033333417849310064,0.033333333395289134,0.03333498460076776,0.6999449702965277,0.03333337923288589
0.02500000003593904,0.025000000022936612,0.02500000002238229,0.025000000023505716,0.27499998849914775,0.2864864365206519,0.2635095984293131,0.025001306863209737,0.025000251721546345,0.02500241786136757
0.01428813105675259,0.014285867473669826,0.014288597389832318,0.014285714300029922,0.0142859653241646,0.01428571430108274,0.15650039754401884,0.6060925820164363,0.1374013162921304,0.014285714301882375
0.020000519971669566,0.020000000007267076,0.020000000007088566,0.41999796583601656,0.020000245263089647,0.020000000007967037,0.020000000007344004,0.02000000000893555,0.4199995423346624,0.020001726555959543
0.191101024971948,0.012500482483981942,0.012500475622606812,0.012501292844734032,0.10114154162431102,0.012502424599868752,0.012503986350872635,0.09596191117287156,0.5367865944797772,0.012500265849028115
0.033333333377380106,0.03333333336139943,0.03333565843991864,0.3666359580217257,0.03333333337204586,0.033333333364135,0.03334039318165169,0.033354475394811955,0.0333335297872801,0.3666666516996515
0.020000645266652177,0.020000000014708537,0.020000000014354574,0.2199973339011175,0.020000172143029682,0.020000000016146664,0.020001334569677474,0.020008218450096434,0.6199862488130373,0.02000604681117958
0.03333655956126947,0.03333500353844622,0.03333333334361069,0.6999805442050077,0.03333333334785192,0.03333333334488657,0.03333528317562316,0.033333333346275404,0.033344207720327715,0.03333506841670092
0.0166666667039384,0.016673224204305854,0.016667617925622047,0.17940036839623102,0.016666666699460857,0.01666666669274434,0.01666872740507662,0.016666666695904254,0.18827767058971298,0.5156457246870036
0.050009968024527555,0.05000000001757187,0.05000000001712028,0.05000000001800534,0.05000000002420323,0.0500000000192537,0.05000000001774823,0.05000331779888369,0.5499867140423333,0.05000000002035281
0.014286061863566178,0.1319697698667524,0.014286540472943051,0.01428607566300892,0.014285779759721732,0.5857139645799551,0.014287441990059836,0.014286543300919833,0.18231191841065694,0.014285904092415997
0.01667064503967575,0.2771187512468484,0.01666691774138584,0.4049734576699809,0.201233899074086,0.01666766349244514,0.016668551408421533,0.016666666677279687,0.016666666675538816,0.01666678097433781
0.03334139029695204,0.37019315180708134,0.03333333335436388,0.36310122623325825,0.03333333336307566,0.0333333333569569,0.03334157107006589,0.03333333335982476,0.033347652057155105,0.033341675101266184
0.014285984310354707,0.72856322259575,0.01428571429350126,0.014285993764613064,0.014285797287190212,0.01429068551407484,0.014285714292868549,0.15714230302872917,0.014285714292987278,0.014288870619930874
0.016666783930664907,0.016675727828050806,0.0166666666731741,0.016666788033721656,0.14310245598206028,0.016670138977542746,0.016666852743600285,0.3728854926800963,0.01666688447474558,0.3673322086763433
0.020001127206623052,0.020000000022807128,0.29632670554164464,0.020000000023372638,0.020000000070904172,0.2199984649837351,0.34367081175280806,0.02000111599442885,0.020001718738532893,0.020000055665143436
0.020000543843226717,0.2199966683916292,0.6199845156888568,0.0200050789600198,0.020000613556477247,0.02000966604557883,0.02000250920768117,0.020000000018468436,0.020000000015433027,0.020000404272628683
0.01666825164253945,0.016672454093413145,0.016669534434573394,0.016667054211079835,0.17686950495038697,0.29991654278195296,0.2290929997146264,0.016667013465018584,0.01666726929826732,0.1941093754081419
0.011111111137891826,0.21084182443207827,0.01111216309215189,0.1219135854257018,0.4685827134177235,0.011114841564285105,0.1319837007164348,0.011111913744885307,0.011112972616194677,0.011115173852652703
0.016667852184599805,0.2411644946632061,0.6254784717712568,0.016667298284780106,0.016667483842716407,0.016667139823589316,0.016672221821933814,0.016667358370473017,0.01667966635522314,0.016668012882221358
0.05000000000732911,0.05000000000467518,0.05000000000456407,0.05000000000479265,0.05000000000645064,0.050000955954327485,0.549993822373915,0.05000000000589869,0.050000492318512606,0.050004729319534515
0.60164141025745,0.011111111118743702,0.01111111111859619,0.30945771477560574,0.011113897494926984,0.011111111119480828,0.011115730079028094,0.011111603191121705,0.01111462330032441,0.011111687544722512
0.02000000002977837,0.020002695160627477,0.020000018354294272,0.26624527904664497,0.020000000026189534,0.18929660183248018,0.020002092311826522,0.020000000023381023,0.020000000019523883,0.40445331319525385
0.5499907314404292,0.05000000002642397,0.05000647404919515,0.05000000002711643,0.05000000003641472,0.050000000028955265,0.050002794301148436,0.05000000003249882,0.05000000002719232,0.050000000030625665
0.05000000002202326,0.050000000014055024,0.050000000013706115,0.05000720445930769,0.05000000001936765,0.050000000015397734,0.5499927954081624,0.05000000001726745,0.05000000001443284,0.050000000016279945
0.025000000022757186,0.4896922637243786,0.025000000014162325,0.025000000014884657,0.02500000002001282,0.025000000015915753,0.02500061527564356,0.02500000001785226,0.025000725472718494,0.31030639542167443
0.02500000001512395,0.025011849215210512,0.025000000009411626,0.02500000000989158,0.025019539573439886,0.025000119840421598,0.7749657125722074,0.025000615850312793,0.025001571328405664,0.025000591585575
0.0333333333755094,0.033336442184427155,0.03333649484804365,0.03333382385584952,0.3442533053828166,0.0333351516125786,0.033333334634482674,0.03333333336642346,0.38907003882721586,0.03333474191265306
0.050000000020265487,0.050000000012932005,0.05000000001262465,0.050000000013264066,0.050000000017821865,0.549999999865847,0.05000000001306637,0.050000000015902615,0.05000000001328529,0.050000000014990706
0.03333455350225066,0.03333531001121072,0.03333354542791669,0.03333404142015826,0.6999933687633018,0.03333415955259397,0.03333492474464644,0.03333333334056444,0.03333333333937796,0.03333342989797899
0.025000000018466216,0.5249969975724289,0.0250000000115002,0.02500000001206709,0.2749993669153577,0.025000000012926772,0.02500273122955487,0.02500051012360298,0.02500000001211365,0.025000394091981758
0.016666666681598795,0.016666666676210463,0.01666854471336005,0.01667089025829173,0.016668229626860927,0.1833268012727232,0.01666713277480113,0.016669887449461643,0.016667460959912953,0.6833277195867792
0.02000223986392237,0.020001490474708075,0.020000474515701184,0.02000067777456212,0.020001338645936922,0.6104464626100969,0.020002400453834154,0.22954375843286345,0.0200011572111736,0.020000000017201203
0.38182739537045873,0.033333333344988135,0.033333333344704966,0.03333400316116512,0.03333333334940712,0.033333333346113256,0.033333333345109975,0.35150526804588855,0.033333333345314735,0.03333333334684952
0.05000000003373811,0.05000000002151828,0.050000000020995146,0.05000000002207578,0.05000000002968194,0.5499999997766832,0.05000000002175534,0.05000000002646424,0.05000000002212484,0.05000000002496316
0.2199959413128258,0.02000088400078349,0.02000142355991828,0.22000026990214033,0.020003005789725956,0.02000006613871065,0.020000000022559066,0.020000412740091757,0.22238525411425294,0.21761274241899176
0.01666898150238545,0.016666666684537583,0.016667276062723654,0.016669073533403883,0.1938283569149334,0.17283182069889097,0.5166663366721125,0.01666810441286304,0.016666666685036968,0.01666671683311259
0.6256435047040096,0.020000353812284266,0.21433160936956366,0.020014531528174194,0.020003555674703973,0.020000408900005512,0.020000804545117143,0.020005231429708177,0.02000000001711652,0.020000000019316854
0.012500000011788243,0.012500214843872214,0.012500000007340651,0.012501983715419386,0.012500046136115878,0.01250053605656801,0.01250029088382446,0.012501967968882156,0.1382913304461151,0.7617036299300739
0.020000000025193983,0.020000000016082455,0.020000000015685734,0.020000000016480703,0.020000000022154497,0.0200010014314935,0.020002245744227567,0.404204737538107,0.43578682565796956,0.020005189532604873
0.05000000001967666,0.05000000001255845,0.05000000001224755,0.050000000012870395,0.050000000017315444,0.05000000001377429,0.0500000000126969,0.050007381693387934,0.050002814249010374,0.549989803956462
0.05001203620517938,0.050000236041832145,0.050000000013807645,0.5499519161807457,0.05000000001953756,0.050000000015522884,0.05000726981507526,0.0500000000174096,0.050022073269167175,0.05000646842172258
0.03333333336631563,0.03333333335437327,0.03333333335387416,0.36666668080165465,0.03333518914958013,0.033333333356411136,0.36666276945887305,0.0333333333592193,0.03333536044194726,0.03333333335775142
0.01250053951269112,0.5095337781529499,0.012500983336962472,0.012500234487162086,0.012502199198638713,0.012500497725648476,0.26175259152218827,0.1412065048228617,0.012501579090954642,0.01250109214994274
0.36666734023724773,0.033338316918475136,0.03333333336886916,0.033333333370648796,0.0333333333835175,0.03333813020168058,0.03333333337009897,0.033333333378175,0.03333333337071357,0.3666562124005737
0.025000000018952164,0.025012485654756278,0.02500000001179444,0.02500544623174126,0.02500000038635342,0.02500041023295765,0.025001269477153733,0.02500000001486692,0.7749753460419477,0.025005041929476366
0.03333333335215836,0.36665554142737,0.03333333334505087,0.03333333334564636,0.03333333334989937,0.033339587731797626,0.033333333345470076,0.033333333348101256,0.36666660496876397,0.03333826578574212
0.020009893181016803,0.020000533127883698,0.02000000001033266,0.0200071334548318,0.02000000001459722,0.02000280105745524,0.020007948505987992,0.020000538422471684,0.0200010793662664,0.8199700728591565
0.03333998515840658,0.03333531371280426,0.03336570768916021,0.03334349286944241,0.6999443440780043,0.03333613162165804,0.03333492807839049,0.033333333341488365,0.03333333334014745,0.033333430110498094
0.014287137325413682,0.014287557592280483,0.014286306248347843,0.014285714302034918,0.3322643798648246,0.15607708707207588,0.014287484656681507,0.16002227980903613,0.014286901713273542,0.26591515141603145
0.025001736638053336,0.02500000001864158,0.025000000018187724,0.02500180562557643,0.025000326984197983,0.43419681027074686,0.36579700785749775,0.025001078938071943,0.02500123362740331,0.025000000021623035
0.1866813603405557,0.014286147127840884,0.014288703116682606,0.2149256944752836,0.49838860098651755,0.014286144135727435,0.01428605080913232,0.014285800873039281,0.014285714292163144,0.014285783843057382
0.01666878741674547,0.01667010320215759,0.5516853486243938,0.01666789693561397,0.016677350185180403,0.01667063831172037,0.31495743243227453,0.016666666679878806,0.01666809856338911,0.01666767764864595
0.4502524367147028,0.31244266650024594,0.011111111119455938,0.01111303890489749,0.011111111122895994,0.011111672394347004,0.011111492171894994,0.011111111121623992,0.15952133241873345,0.01111402753120244
0.011112024885090393,0.011111186401667982,0.4299473959912283,0.011112251834588669,0.14750064584271558,0.011111566205570165,0.11623774065488077,0.011117874134374966,0.23963699960176,0.011112314448123193
0.6007671173298422,0.02000039036604776,0.02000000000670652,0.020000689051162052,0.23922942422910792,0.02000000000754113,0.020000018840936117,0.020000357984254195,0.020000563444196148,0.020001438740205876
0.008333933642055332,0.008333472823980542,0.4149463354221044,0.008336136281013986,0.37365953290485726,0.008333543227963446,0.15305383766858113,0.008336506867019776,0.00833336319034134,0.00833333797208269
0.014285714296645614,0.01428952945243752,0.32412737864470087,0.014287189422968263,0.014286439472884292,0.33996984795436785,0.01428571429275971,0.014285714294288633,0.01428576078580672,0.23589671138314058
0.05000000000318815,0.050000000002033466,0.050000000001984866,0.05000000000208605,0.5499981853646341,0.05000000000223104,0.050000000002055026,0.050001024834650375,0.05000000000209079,0.0500007897850462
0.020000000123953275,0.02000341336891561,0.020000400447518444,0.020000000018830885,0.020000000025337854,0.020000000020116655,0.8199828073904936,0.020000474875730753,0.020004373065565,0.020008530663537975
0.03334131000281718,0.03334082701439924,0.03333333335060461,0.03333333335147477,0.6999674581598193,0.03334542988405341,0.03333830817631224,0.03333333335510721,0.033333333351543634,0.03333333335386834
0.014291394286132275,0.01428620156098958,0.15714204575694662,0.2999995690221838,0.4428513347642715,0.014285733323955274,0.014285714296733948,0.01428586022509296,0.014285714296917513,0.014286432466776432
0.050000000018534545,0.05000000001181054,0.050000000011531286,0.050000000012113355,0.050000000066784775,0.05000000001295786,0.05000000001194607,0.05000000001453107,0.5499999998260837,0.050000000013706664
0.025000000061749794,0.025000000039385264,0.025000000038417413,0.025000000040393253,0.27499600967083293,0.524964358322661,0.02500652159045376,0.025004549252847293,0.02502856093757866,0.02500000004568068
0.020000000013173334,0.020007771309032793,0.020000264769161075,0.020000000008617166,0.020000210688431233,0.02000000000921397,0.8199886855904122,0.020000872872819368,0.020000212280639102,0.02000198245849995
0.6999975236021674,0.03333333334280873,0.03333505951501733,0.03333333334305582,0.03333333334639453,0.03333333334371868,0.03333408347428044,0.033333333345158075,0.03333333334308121,0.033333333344317824
0.033333338175121165,0.033333333343694295,0.033333333343442226,0.033334786688705695,0.03333333334761404,0.03333333334469588,0.033333333417999496,0.6999962879441395,0.0333355870492435,0.033333333345344156
0.09725019903294213,0.12293943661834753,0.10771758749176755,0.007692336689523013,0.0076924310737905,0.007692307701720135,0.33755906998571156,0.29606932378086726,0.007694622526272821,0.007692685099057663
0.050000000057504074,0.05000000003665587,0.050000000035742634,0.0500000000375784,0.050000000050529944,0.549976082716998,0.050016419212885514,0.05000000004510363,0.050007497764435374,0.05000000004256644
0.016667645994095443,0.016667875733159677,0.016666666677443782,0.016668513124964233,0.016667952562367333,0.016666694896283554,0.016667256046290192,0.016672817529743145,0.48357085929303306,0.38308371814261966
0.5022431601728939,0.02500024020255687,0.025000000017804547,0.02500000001992452,0.02500000002515284,0.025000000020020435,0.02501686805893194,0.025000001328835713,0.025000301902126133,0.2977394282517531
0.705890609858082,0.014295598808502275,0.014285714304003319,0.1798063659427199,0.014286208573686043,0.014290537348281167,0.014285990084449135,0.01428676325759493,0.014285807802371774,0.014286404020309463
0.011114713724211944,0.011111111126590356,0.011112481845752474,0.011112464874525923,0.09887821171258658,0.01111408485430691,0.01111516168314766,0.011112328224907403,0.36667917985954807,0.45665026209442255
0.0333335874757465,0.033333333337044364,0.03333333333695518,0.03333359641409194,0.033333333338450864,0.033333333337403945,0.033333333337083756,0.6999994827484352,0.033333333337147684,0.03333333333764053
0.0333335874757465,0.033333333337044364,0.03333333333695518,0.03333359641409194,0.033333333338450864,0.033333333337403945,0.033333333337083756,0.6999994827484352,0.033333333337147684,0.03333333333764053
0.42000163429876974,0.020000365718554878,0.22252887818775824,0.020000000025381107,0.21746051861890828,0.02000330850896152,0.02000491046375048,0.02000000003042926,0.020000384118794394,0.020000000028691966
0.0333335874757465,0.033333333337044364,0.03333333333695518,0.03333359641409194,0.033333333338450864,0.033333333337403945,0.033333333337083756,0.6999994827484352,0.033333333337147684,0.03333333333764053
0.15714083118201796,0.014286067992322092,0.472262865495354,0.014287564142172587,0.014286930871442753,0.01429181718850078,0.014296557919252889,0.014286385226790509,0.2705735308333918,0.014287449148754428
0.025000000018635424,0.025000060393915058,0.02500000001160531,0.27500000708067096,0.025000000016398516,0.025000316863220427,0.02500000001202217,0.5249799799310026,0.025019508571973412,0.025000127100556043
0.025000000031345202,0.025001205278805404,0.025000000019510398,0.5249954187699187,0.025000029986209316,0.2749996391316607,0.02500000002022287,0.025000000024584804,0.025003706714545132,0.025000000023197546
0.012501222281021624,0.012504186632098076,0.012504898883863948,0.012500812568900958,0.012500936755050457,0.012506296665246757,0.8874739440576646,0.012504835884661421,0.01250258136649373,0.012500284904998465
0.009090909105448252,0.009090909100179564,0.00909409134777474,0.009090909100414515,0.009091171195947047,0.009090909101079446,0.28966103512168373,0.009091311960486693,0.32173524241515405,0.324963511551832
0.05000003122810352,0.050000000605212834,0.5499999359764383,0.05000000000335011,0.05000000000450585,0.05000000000360684,0.05000003216761873,0.05000000000401804,0.050000000003357005,0.05000000000378889
0.020021168705997357,0.8199530221237965,0.02000000003252084,0.020000000034135646,0.020007869986294703,0.02000000003649712,0.02001395262128421,0.02000377405311757,0.02000021236775457,0.02000000003860162
0.03333333337044365,0.03333333335700394,0.03333333335644548,0.03333333335762082,0.03333333336597714,0.3713942021871309,0.03333333335726691,0.03334388332791161,0.3619272962083913,0.03333461811180836
0.025000000041496426,0.025000694026671617,0.025000710321331568,0.025003859949212268,0.32444724598695607,0.02500563856861609,0.025007309119551305,0.025006462925874412,0.4755263244808988,0.02500175457939144
0.033333333337270565,0.033333333335844866,0.03333333333578518,0.03333333333590797,0.033333333336798644,0.03333384685633877,0.6999966636754915,0.03333333333650214,0.03333359780318574,0.03333589164687472
0.025006861052507063,0.025000782791262343,0.02501273197625696,0.025000000031546506,0.025000681953190593,0.7749607812109602,0.025000000031111424,0.025010269214950098,0.025007891702542567,0.025000000035672206
0.016668200758366756,0.27574821063050403,0.016671002030841157,0.016666916126813723,0.016666666682938133,0.0166666666796022,0.2515019997031502,0.35607557743676094,0.016668093270680057,0.01666666668034275
0.00714853036584841,0.3927545776277345,0.1644734668413731,0.007143846145491236,0.007144780758723895,0.007146463560811494,0.3927461303665191,0.00714676261090202,0.007145628444819768,0.007149813277776483
0.03333333335795878,0.03333562521886859,0.03333333334868039,0.03334267341845051,0.033333333355001944,0.033333333350582944,0.03333342879464768,0.03333333335265849,0.6999882724515962,0.033333333351554376
0.619984774971896,0.02000178598314482,0.020000000015584055,0.0200000000163883,0.02000002398896897,0.219999045621999,0.020000000016161083,0.020000833096306167,0.020006515991512114,0.02000702029803964
0.020000000017984354,0.020000000011472237,0.0200056999382586,0.02000015855506766,0.020000492966131343,0.6049635604669676,0.02000000001160075,0.020001214564626252,0.23502887345458293,0.020000000013308362
0.5499952459039457,0.050000000015695704,0.050000000015318985,0.050004753956720056,0.05000000002164004,0.05000000001720252,0.05000000001585339,0.050000000019296886,0.05000000001612552,0.050000000018201256
0.010001453879751373,0.010003747334602497,0.443493484552217,0.01000130667290077,0.010000203449678639,0.010000065520136839,0.010006951030222033,0.010007613842683793,0.47648362857444126,0.010001545143365995
0.014287183321822342,0.01428761483851981,0.014291187675073846,0.01428571430061888,0.01428642876939107,0.014285790783679855,0.7381247406213175,0.14756348918832088,0.014287203687958985,0.014300646813296907
0.020000000007183945,0.020000000004582293,0.020000773030157362,0.020002189986661492,0.22000411033005898,0.61999204461691,0.020000000004631115,0.02000040807895494,0.020000037089742406,0.020000436851117253
0.03333776971530459,0.39239795211608813,0.03333333334158819,0.033333333342009865,0.03333333334499757,0.03333333334261261,0.033333333341891876,0.03333333334374146,0.033333867186258366,0.34093041092550724
0.050000000040338805,0.5499928848028667,0.05000000002510497,0.05000000002640579,0.050000000035484056,0.05000000002821401,0.05000000002601185,0.05000000003164867,0.05000000002647173,0.050007114957453455
0.016666871756151183,0.016666875549795488,0.01666740232938497,0.016668971158486864,0.447222811370082,0.016672824259931912,0.41941719063081256,0.016670503432381138,0.016668398076664797,0.016678151436309015
0.27518706497863454,0.025000000027151876,0.02500000002649817,0.02500000002784302,0.025004080251437924,0.02500047804836585,0.2750002758494065,0.27479480653749605,0.02500443638115137,0.025008857872014734
0.011111610001825388,0.011115967401035196,0.011117579059120891,0.011112824585443808,0.011111153113435116,0.23619519508695308,0.3392190085440849,0.011111293796435663,0.3467938864990529,0.01111148191261303
0.05000752509671838,0.050000000024196765,0.05000000002361289,0.05000000002482511,0.0500000000333499,0.54999247469014,0.05000000002445169,0.05000000002978502,0.05000000002486737,0.0500000000280528
0.5245807672644254,0.02500397722611784,0.02500000001877901,0.02500066740037109,0.025000000026537676,0.02500000002111492,0.27539994209740426,0.02500000002367051,0.025001100309586313,0.025013545611993003
0.03333710335395267,0.6999646591897558,0.03333398824739783,0.03333552049220524,0.03335241191615226,0.03333588556992606,0.03333825117370917,0.033333333348850566,0.033333333346311764,0.033335513361738664
0.020002208488154673,0.5933983383415474,0.020000676005921085,0.020000000028458254,0.020001692533684584,0.020004924234288065,0.2465768650312671,0.020008207230056013,0.020005582305418372,0.020001505801204418
0.1774162792847602,0.02500035091654182,0.02500005056504109,0.025000000020781843,0.025000124153585115,0.025003109415611405,0.02500000003239425,0.025010977608546245,0.6225625176048423,0.025006590397895746
0.01428634030351558,0.01428604954346299,0.3219542770700586,0.014287987237137796,0.014286096024859347,0.014285883331654174,0.5637486347945654,0.014292165266003928,0.014286596907730712,0.014285969521011506
0.016667204429068817,0.18332909166242817,0.016666666681804724,0.18333113533387055,0.016666666688059478,0.016666873419603892,0.24092331743118167,0.01666666669244222,0.2924087755879515,0.01667360207358893
0.6999958324683085,0.03333425917165225,0.033333333343264,0.03333333334536351,0.033335313774112,0.03333333334447907,0.03333333334360897,0.0333333333458341,0.03333333334378144,0.03333459451959632
0.033333333368402274,0.03333333335571131,0.033333333355173675,0.03333333335625921,0.03333333336416962,0.3666642561605692,0.03333333335593671,0.03333547966662445,0.0333333333563309,0.3666669306608226
0.025000000028977357,0.02500179649344199,0.025001826800853392,0.025001639556555107,0.3165128100893104,0.02500251988922682,0.20330323321829125,0.025002662314733276,0.02500082612574153,0.30517268548286886
0.033339916852950145,0.033333333348865,0.033333333348499736,0.03333333334928455,0.03333333335476039,0.03333333341992933,0.6999906550799272,0.033333645790635726,0.03333578210376323,0.03333333335138462
0.38511171668083233,0.011114779475656023,0.011113678475596736,0.011112426865272864,0.011111111131360261,0.1566476278756887,0.3804477474655204,0.011111111129176527,0.011114834331149546,0.011114966569746606
0.6999414148671578,0.033343235978377316,0.033334393910808245,0.033336876305937506,0.03336479662741401,0.03333749559003026,0.03334130390331974,0.033333333348080856,0.033333333345666225,0.03333381612320816
0.012508869603221487,0.5643564047656894,0.012500221043532305,0.012501554060226789,0.012500476648493223,0.012504254616000597,0.012500713433417354,0.012500045405445186,0.33562403751753267,0.012503422906440924
0.025000000011841442,0.025000000007561547,0.025002581981531893,0.025000000007745597,0.02500000011716416,0.025000000008286196,0.27582560385526095,0.5241716634982462,0.025000000007766556,0.0250001505045956
0.014286296070375211,0.3953452127887691,0.014285714298283821,0.014285714298913704,0.01428571430346034,0.49035359908639725,0.01428796911123255,0.014290128602095607,0.014287854792934334,0.014291796647538062
0.020000000017302035,0.02000011980899242,0.241999995454398,0.02000184687323605,0.02000069736368931,0.3979961993079154,0.020000000011157464,0.2199997432342588,0.02000000001134413,0.020001397917706356
0.033333333348725194,0.6999999998065005,0.03333333334290918,0.033333333343392724,0.03333333334686296,0.03333333334409207,0.03333333343398284,0.03333333334540291,0.03333333334341789,0.03333333334471383
0.033333333348725194,0.6999999998065005,0.03333333334290918,0.033333333343392724,0.03333333334686296,0.03333333334409207,0.03333333343398284,0.03333333334540291,0.03333333334341789,0.03333333334471383
0.033333333348725194,0.6999999998065005,0.03333333334290918,0.033333333343392724,0.03333333334686296,0.03333333334409207,0.03333333343398284,0.03333333334540291,0.03333333334341789,0.03333333334471383
0.12123872737189344,0.011115076719732112,0.011114865273555877,0.011118370667419934,0.215811674285848,0.3537282030726406,0.011111222982857754,0.011115060694407885,0.12897848976992662,0.12466830916171774
0.025000000010264985,0.025000000006547056,0.025000000006387576,0.02500000000671456,0.02500043034381352,0.025000000007177982,0.025000708248692015,0.025000000008052366,0.7749978603184782,0.025001001043871762
0.016666675493463932,0.35754483774938395,0.18800566444319314,0.016670958051003222,0.016666667437917383,0.01666763613081625,0.3377705830104964,0.01666679394652992,0.016672852408402782,0.016667331328792924
0.025000000019510294,0.025019153698194508,0.025000000012151715,0.025000000012767327,0.02500000001716785,0.025000000013654246,0.5011255468279304,0.2988525289256081,0.025002332080190894,0.02500043839282477
0.020000000017132764,0.020000000010904524,0.02000000001064385,0.020001277204729793,0.020001175674995337,0.02000193498148884,0.38993064632191554,0.020000000013432828,0.45006415030572816,0.020000815459028515
0.016666666676168455,0.016666666672728588,0.01666666667258411,0.016666666672883544,0.5570267362296836,0.30963979213613113,0.016666666672794678,0.01666674466632336,0.016666666672897977,0.016666726927804687
0.025001674264180904,0.02500490799572589,0.02500325738402479,0.02500317123672271,0.025002322777771816,0.025000000021585814,0.0250077289739227,0.025004391891981743,0.7749704510222631,0.025002094431820554
0.02500192333299295,0.02501905131268518,0.025001532807467745,0.2749979700713999,0.025000000040459863,0.02500000008421289,0.5249740906125725,0.02500122373497778,0.02500420796917757,0.025000000034053508
0.03333333336316506,0.3666604248720819,0.03333333335189878,0.03333333335285503,0.033333333359580795,0.36666646381064494,0.03333702749748226,0.03333413023534894,0.033335286801535746,0.03333333335540656
0.01250113301089964,0.4189860000329705,0.332040046451155,0.012500000010234437,0.012503632420145674,0.16146256386810587,0.01250289971544677,0.012500393362084363,0.012502956899407352,0.012500374229550464
0.020000873195553742,0.020000175620080246,0.420978254429085,0.020005601932754725,0.020003936309990353,0.020015677444326946,0.02000000001584294,0.4189927046468047,0.020001343295974788,0.020001433109586613
0.050000000015063974,0.050000000009607706,0.050000000009372006,0.0500000000098477,0.05000000001325197,0.05000000001053584,0.05000000000971181,0.05000000001202,0.050000000009885005,0.5499999999007039
0.3666606758046047,0.033333333370534124,0.03333764951215269,0.03333333337147758,0.0333333333846405,0.03333333337414638,0.03333772107088999,0.3666489643497031,0.03333760211539278,0.03334405364645804
0.012501849540575578,0.49575064918349554,0.2883037609243941,0.012500848038888186,0.012500550029180088,0.012503555070500766,0.0125001574100765,0.12843270861488548,0.012501741745450611,0.012504179442553245
0.020000000013805422,0.0200000000088071,0.020000000008598078,0.020000000009032712,0.36697053662066675,0.4730294633000816,0.02000000000890364,0.020000000010834202,0.02000000000905331,0.02000000001021704
0.050000000008682495,0.050000000005549744,0.05000520917549749,0.050000000005680174,0.05000000022196775,0.050000000006076135,0.5499944883858394,0.05000000000681643,0.050000000005698514,0.05000030217819191
0.016666666675598872,0.016666666672366527,0.01666666667222859,0.016666666672512584,0.016667462877269567,0.8499963735064846,0.016666666672425876,0.01666666667367894,0.016666666672525934,0.016669496904908567
0.46068885119650144,0.40595954596805106,0.01667312139400729,0.0166672589368572,0.016667509197151417,0.016666666677910665,0.01666802399036308,0.01667455178695116,0.01666780417365069,0.01666666667855598
0.016667882363934697,0.38928596262969783,0.01666666667421309,0.01667127832803682,0.01666682431277281,0.016666666675148607,0.01666805224792549,0.016666666676175185,0.47737121229639073,0.01666878779570462
0.02000178294354666,0.020000000013183913,0.020000000012873678,0.020000000013525462,0.020000000018191126,0.02000000006269802,0.020005638026534697,0.020000216346591992,0.8199896162384348,0.020002746324419812
0.016667830720682227,0.016666768513072545,0.016666952682235833,0.016666666680701454,0.016666748090090628,0.016666814143581673,0.016671396881104982,0.016671353636184702,0.8499876546387327,0.016667814013613134
0.050000000022357716,0.05000000001427491,0.050000000013916586,0.0500000000146262,0.05000000001966641,0.5499935117270052,0.05000000001442372,0.05000000001754083,0.05000648813964383,0.05000000001654453
0.03333333339639122,0.03333333337355395,0.03333333337261038,0.6999711546067916,0.03333333338877135,0.03333337777888142,0.033333333373978494,0.03333333338279881,0.033362133946215164,0.03333333338000759
0.03333333339639122,0.03333333337355395,0.03333333337261038,0.6999711546067916,0.03333333338877135,0.03333337777888142,0.033333333373978494,0.03333333338279881,0.033362133946215164,0.03333333338000759
0.025000000073850368,0.025000000047116652,0.025022753119989024,0.025003308591779873,0.02500226052093924,0.025002766847422354,0.02500000004765375,0.025003769458603515,0.5249758786680931,0.2749892626245521
0.025000000021640576,0.02500025122241844,0.025000042022286065,0.025003009478743368,0.2634082295694186,0.025000000015134596,0.025000000013957645,0.5365884676255476,0.025000000014190747,0.025000000016662256
0.6999979862203362,0.03333531359053454,0.033333333341269304,0.03333333334166958,0.033333333344542054,0.03333336196452295,0.03333333816933749,0.03333333334333282,0.033333333341687414,0.03333333334276784
0.016667292839858468,0.4866058633795667,0.01666666668036456,0.016667955924534315,0.016667292499316318,0.016667496080230906,0.0166689491900325,0.016668415234338176,0.38005277454867825,0.0166672936230798
0.3666439341299377,0.033344027553866507,0.03333333335119135,0.36666680490327136,0.033333333357758586,0.033333443543164275,0.03333679612692372,0.0333333333551349,0.03334166032487169,0.03333333335387986
0.43548461540908895,0.02000302119995418,0.020000000953062126,0.02000000001511818,0.020003005546483325,0.02000000001616605,0.40450750181538514,0.020000000247196826,0.020001854778250748,0.020000000019294327
0.033333333343357384,0.03333333333973077,0.033333333339572696,0.033333333339889575,0.033333333342152244,0.033333333340347486,0.033333383635138145,0.6999999496391548,0.03333333333990534,0.03333333334075152
0.050016942128726344,0.05001499379144036,0.05000000002903353,0.050000000030494936,0.05001197481376144,0.5499489099765359,0.050007179128271496,0.05000000003660558,0.05000000003061195,0.05000000003451848
0.03333333334280192,0.3666601094700329,0.03333333333922663,0.03333333333953006,0.36666557336860867,0.03333333333995986,0.033337027491100214,0.03333481073834946,0.03333528679150983,0.03333385877888049
0.02500163449694156,0.025000000014515054,0.025006846563790045,0.774964101073079,0.025004631602109757,0.02500402304519556,0.025000000014674804,0.02500464194442687,0.02500000001492595,0.025014121230341305
0.02500163449694156,0.025000000014515054,0.025006846563790045,0.774964101073079,0.025004631602109757,0.02500402304519556,0.025000000014674804,0.02500464194442687,0.02500000001492595,0.025014121230341305
0.15895977216057142,0.44285576521418063,0.014285714298967724,0.014288917458704559,0.15532253891615652,0.014286343198368854,0.1571428435064294,0.014285714302299649,0.014285714299578074,0.014286676644743071
0.02500163449694156,0.025000000014515054,0.025006846563790045,0.774964101073079,0.025004631602109757,0.02500402304519556,0.025000000014674804,0.02500464194442687,0.02500000001492595,0.025014121230341305
0.033333333352250215,0.03333466815436232,0.033333333345105125,0.033333333345701176,0.03333477596889153,0.033333333346560336,0.03333621266551517,0.03333333335828307,0.03333711747556748,0.6999905589877635
0.05000000004186265,0.5499936839146218,0.05000000002607152,0.05000000002735254,0.05000000003679772,0.05000000002930569,0.05000631583270397,0.05000000003286194,0.05000000002746218,0.05000000003096017
0.010001815616346282,0.10828884933651743,0.010000392532502138,0.010000000012078642,0.010000411750403015,0.38639605133903676,0.01000071413600927,0.010001988081837677,0.4353034985220633,0.010006278673205417
0.03333643685075481,0.03333833350352061,0.3791251280792445,0.033335123854261225,0.3541919342291712,0.03333542268524398,0.03333737668048543,0.03333333334160873,0.033333333340252236,0.03333357743545734
0.03333333336118103,0.03333333335110035,0.36666651393867966,0.033333333351548915,0.03333333335783263,0.03333333335281364,0.03333333335129857,0.033333333355323784,0.03333333335160706,0.3666668192286143
0.014285714298534508,0.014293680831878864,0.014285873891289227,0.014286201738794059,0.014285892388788687,0.29998841363859735,0.01428697617074039,0.014285714295769273,0.5857132128575266,0.014288319888081089
0.02000016305444548,0.3982686565643984,0.02000157157339374,0.21999983625872782,0.020000000085141863,0.02000000000913425,0.24172869602908967,0.02000000001024693,0.020000000008563737,0.020001076406858106
0.5249800447562815,0.2749919034291427,0.025012549982765187,0.025000000016331722,0.025000000021960966,0.0250063527856221,0.025000000016111572,0.02500386388665631,0.02500163687917435,0.025003648225953627
0.02500020186248263,0.025000000013751852,0.025000000013425082,0.7749734084164538,0.025002783806505523,0.025003428283523078,0.0250000000139029,0.025004642789863897,0.025000000014140916,0.025015534785950283
0.01428573824088992,0.1584526298978256,0.014289450192782827,0.5252738073657551,0.014291270745838608,0.014289255847018864,0.014288616163418701,0.014286686609200343,0.21625626426181582,0.014286280675454182
0.012503515813476956,0.5323672970807406,0.012500489248340465,0.13749995318467287,0.24262487430543467,0.012500506050390131,0.012501582159678235,0.012500114035606625,0.012500699950656528,0.012500968171002866
0.025000648718682766,0.02500019261330419,0.025002412067195855,0.025000000013771662,0.025000707746881373,0.02500182274018814,0.02500006449916801,0.7749897747070716,0.02500437687816754,0.025000000015568843
0.050000000010676275,0.5499832196946848,0.05000000000664245,0.050000000006979683,0.050000000009388014,0.05000938158211177,0.05000000000687979,0.050000000008373506,0.050000000006999244,0.05000739866726436
0.025002625780010095,0.48317055218470517,0.025000456168529504,0.3168053430227144,0.025013374819885737,0.02500184403637472,0.02500466974656094,0.02500026852154185,0.02500065804824059,0.025000207671437034
0.03333333338608439,0.033335325467293356,0.033333333366149215,0.03334443064505127,0.03333333532355624,0.03333549046316009,0.6999618414622476,0.03333333337469181,0.03335624313431429,0.03333333337745159
0.033336929581995196,0.03333340398227653,0.033334073895261336,0.033340147709455835,0.03333333336952167,0.03333417009431564,0.033344344614618784,0.03334230651095225,0.6999660229134534,0.03333526732814928
0.05000000004664224,0.05000000002972589,0.05000000002901088,0.05000000003052515,0.0500000000410327,0.05000000003277613,0.549992966990324,0.05000000003655925,0.050007032728904506,0.05000000003449928
0.033333333357829044,0.36666626328272944,0.03333333334856543,0.03333333334933969,0.3666658599420685,0.0333333333504517,0.033333333573899684,0.03333401657320983,0.0333333333493849,0.033333859872521764
0.25796321796899807,0.020000000007872082,0.020005024435547504,0.5820285894100489,0.02000132809011934,0.02000044547341627,0.020000000007955144,0.0200000000096819,0.020000840126571374,0.02000055446978958
0.02500082546688242,0.025000000082565338,0.7749794952582351,0.02500317410400629,0.025002295995375075,0.025014205505914145,0.025000003551076597,0.025000000009380578,0.025000000007837437,0.025000000018727184
0.27927407895315337,0.025000073863903346,0.025000000010320593,0.025000196088200886,0.025000000014576706,0.025000000011592475,0.025000000039350354,0.5207256509957617,0.02500000001086663,0.025000000012273954
0.05000000001101499,0.5499903332072934,0.050000000006855234,0.0500000000072092,0.05000000000969356,0.05000000000770893,0.05000554123054152,0.050001195327951914,0.05000293018358142,0.050000000008149775
0.050000000006249254,0.05000000000398604,0.05000000000388883,0.5499998346668713,0.05000000000549665,0.05000016529585266,0.050000000004028336,0.050000000004904,0.0500000000040978,0.050000000004625074
0.050000000018534545,0.05000000001181054,0.050000000011531286,0.050000000012113355,0.050000000066784775,0.05000000001295786,0.05000000001194607,0.05000000001453107,0.5499999998260837,0.050000000013706664
0.011116292611429929,0.5152371116674829,0.011115907758990295,0.011111366955030412,0.01111111112975685,0.011112182108588612,0.011111683898375808,0.39585075217075866,0.011119405309495789,0.011114186390090807
0.03333333335996554,0.03335196817589036,0.03333333334992839,0.03333737800174622,0.033333333356800304,0.03333524343192715,0.03333333335050585,0.03333333335427484,0.03333678155963111,0.6999719620593303
0.033333333361078514,0.033334177563230004,0.03333534578376595,0.033346597935169774,0.03333333335772191,0.03333333335274016,0.699971253666606,0.03334540793847839,0.033333333351624625,0.03333388368958466
0.016668568891833338,0.2423625795771983,0.01666692115032052,0.016668335943536505,0.016666666685763463,0.016670915154888694,0.01666798791168418,0.624293798832321,0.016666666680905606,0.016667559171548368
0.05000000002373694,0.5499999998414379,0.050000000014783226,0.050000000015522815,0.05000000002087895,0.050000000016602736,0.05000000001530175,0.050000000018619914,0.050000000015553395,0.050000000017562427
0.007692424238800562,0.007692307694755129,0.00769257418719809,0.9307670495524668,0.007692486771247838,0.007693078300951896,0.00769237925771606,0.007692343178240759,0.007692825696537011,0.007692531122085885
